03366800000
03323203040, 03323202122, 03344202122
03340904190, 03340904163 (emergency), 03340904090
03371222000
03339885050, 03324553446
85850225594, 03366520000, 9007002626
03324223947, 033242250221
0334661780, 9830926462, 8336957572
03325704141
03340111222, 03340333333
033712222293, 6292234093
908384529
03366059750, 03366059727, 03366191000, 9903136914, 8697141567, 7596049509, 7596049508
0353510010, 03532517575
03366057000
03340818888
9674261675
83335047803
8240738025
83335926190
6291953294
90382204565
9836542916
9111591115
6289039383
8240709454
9875325221
8282859291
9830318092
9830938616
7980615114
9674261675
9874800056
033 66064208
9331602311, 9038089742(Whatsapp)
7003543612
9836528607, 8777869751
8777452365
8910031694
9123337983
9433825485
8444967334
9830328400, 9330901671, 7003500417
8777804392
Drive through testing from car
Not available
913325949595
8910270280
9051292025
9038089742
8335047834
3242205497
9804980169
6290398052
033 6621- 1700 , 4044-9700 , 9836695101
33660960000
8013426213
3366063800
033 25820685, 8336089789
9875380981
9647188400, 03344121212



































































































