Probuddho, [10.05.21 16:50]
[10/05, 12:47] Prabuddha: 8961186149
9903902547
9231873812
9875430289
7003842316
6289434112
9830355983
9875392035
9874210230 
8240228072
9330382880
6291166522 
8420097993
7980511728
9123703226
[10/05, 15:33] Prabuddha: 8240759393
7439094981
7596056444
7596056443
8910009747
9333857616
9831143338
6295694761
7439094981
7439441647
9432362856
7439441647
7980535835
7439441647
9434041123
[10/05, 15:33] Prabuddha: 8240358572
9433119656
9800055678
9830179101
9007427926
9748613508
9331030293
9674903883
7439174645
9830179101 
9431119656
7439175645
[10/05, 15:34] Prabuddha: 9378297049
9434133521
9435317722
9800055678
7980352250
9647272727
7679761578
9647272727
7679761578
9333857616
[10/05, 15:35] Prabuddha: 7947419316
9064256818
9434133521
9435317722
9800055678
7980352250
9647272727
7679761578
9474489235
7001320401
7001200154
8918789095
9073190163
9635825012
9974489235
9749450067
9064246843
9749450067
9749450067
9647627616
8961186149
[10/05, 15:36] Prabuddha: 9831514085
8017483667
8240951160
7003734340 
9432362856 
9831105603
7003054589 
3836936282
8017740302 
9903670709
8981334782
9432864828
8509737721 
9836958081 
9836035945 
9748621067
9733617757
9674371978
8335854941
7001300023
8420570440
7866833414
9830526889
7980273336
[10/05, 15:39] Prabuddha: 9748112841
9800192590
9748112841
9748112841
9748112841
7584850123
7430903557
7001618811
7001454530
7001454530
7384197999
7001776364
9800055678
7063079934
9830179101
7439977545
8972888088
8972888088
6290062623
9051620985
9593030365
7439977545
9831514085
8017483667